00100100100000000000000000000000000000000000000000000000
00000100100000110001000000010000000000000000000000000000
00001001111000000000100000011011000000000000000010000000
00000110001000000000100000011011000000000000000010000000
00110101000000000000000000000000000000000000000000000000
00000100100000110001000000010000010000000000000000000000
00001010001000000000100000011011000011000000000010000000
00000101111000000000100000011011000011000000000010000000
00001011001000000001000000100000110010000000000010000000
00000100100000110001000000010000100000000000000000000000
00001111110000000000000000000000000000000000000000000000
00001111110000000000000000000000000000000000000000000000
00000100100000001000001000011000000000000000000000000000
00000100100000110000010000010000000000000000000000000000
00000100100000100000100000000101000001000000000000000000
00000111001000000000100000000000000000000000000000000000
00010100000000000000000000000000001110000000000000000000
00010100010000000000000000000000001100000000000000000000
01011011101000001100000000000000000000000000000010000000
01011011101000001100000000000000000000000000000010000000
00000100100000101100001001011000000000000000000000000000
00000100100000101100001001000110000001000000000000000000
00000100100000001000001000000100000001000000000000000000
00000100000100000001000000000000110010000000000000000000
00000100010100000001000000000000110000000000000000000000
00010110010100000000000000000000001010000000000000000000
00000100100000100000000010100000000000001000010000010000
00000100100000110010000000000000000010000000000000000000
00010111000100100100000001000000001010000000000000000000
00010111010100000000000000000000001000000000000000000000
00000100100000001010000100000000000010000000000000000000
00000100100000110010000000000000000000000000000000000000
10000000000001000000000000000000000000000000000000000000
00011000010100000000000000000000001010000000000000000000
01000100100000100000000010100000000000100000000000000000
00001000000010000010000000000000000010000000000000000000
00011001000100000000000000000000001010000000000000000000
00001010011000100000000010100000000000110101000000000000
00001100001000101010000110100000000010100001000000000000
00000111010000000000000000000000000000000000000000000000
00000110010000000000000000000000000000000000000000000000
00011010010000000000000000000000001110000000000000000000
00000000000000000000000000000000000000000000000000000000
00001101001100100000000010100000000010110101000000100000
00001001000000000000000000000000000000000000000000000000
00001001011000100000000010100000000000000000001010010000
00001000010000000000000000000000000000000000000000000000
00000000000000000000000000000000000000000000000000000000
00011100000100000000000000000000001010000000000000000000
00000000000000000000000000000000000000000000000000000000
00001000100000010010000000000000000010000000100000000000
00000000000000000000000000000000000000000000000000000000
00011101000000000000000000000000001110000000000000000000
00011101010100000000000000000000001010000000000000000000
00001101011000000000000000000000000000000000000000000100
00000100100000001010000100000000000010000000000000000000
00000000000000000000000000000000000000000000000000000000
00000000000000000000000000000000000000000000000000000000
00000000000000000000000000000000000000000000000000000000
00000000000000000000000000000000000000000000000000000000
00000000000000000000000000000000000000000000000000000000
00000000000000000000000000000000000000000000000000000000
01001001010100000000000000000000000010000010000100001011
01001001010100000000000000000000000010000000000111001010


